//HeadPhone Accessories_001 js
                
                //Part 1
                ans.Line.push("M"+x+" "+y+" c-24 -4 -105 -17 -179 -28 -217 -35 -527 -117 -800 -212 -484 -170 -504 -180 -731 -362 -388 -311 -689 -730 -849 -1181 -41 -118 -89 -308 -100 -398 -5 -40 -16 -99 -25 -131 -8 -33 -14 -65 -11 -72 3 -7 24 -16 49 -19 l43 -7 -51 -359 c-28 -197 -53 -360 -56 -361 -2 -2 -35 -18 -72 -37 -47 -23 -91 -57 -140 -107 -119 -121 -144 -154 -206 -280 -129 -260 -190 -554 -191 -912 0 -190 11 -315 40 -468 84 -431 274 -746 520 -859 l65 -30 413 0 c356 0 415 2 425 15 7 8 34 26 62 39 257 121 462 515 520 1001 17 137 19 442 4 578 -24 224 -83 448 -164 620 -77 163 -148 255 -302 390 l-72 62 -91 0 -91 0 6 43 c3 23 19 167 35 321 16 153 30 280 32 281 2 2 29 15 61 29 55 24 68 41 47 62 -7 7 -4 43 9 113 53 270 165 524 340 772 76 107 270 312 391 413 279 233 670 428 1056 527 242 61 391 80 681 86 281 6 460 -8 671 -54 64 -14 145 -27 180 -30 56 -5 62 -4 62 14 0 10 4 23 8 29 5 5 17 37 27 71 l18 61 -77 91 c-195 227 -292 260 -840 281 -343 13 -662 17 -717 8z m873 -78 c193 -11 297 -30 383 -70 64 -29 158 -106 224 -181 l40 -46 -103 18 c-667 115 -1328 54 -1901 -176 -770 -309 -1314 -885 -1480 -1569 -14 -54 -26 -100 -27 -101 -3 -3 -572 86 -576 89 -6 7 61 244 94 333 127 342 321 641 594 914 161 162 259 243 431 359 109 73 128 81 290 133 570 182 867 258 1149 292 128 16 648 19 882 5z m139 -261 c148 -11 348 -39 457 -64 l71 -16 -11 -30 c-11 -32 -16 -33 -69 -19 -251 70 -747 101 -1059 66 -666 -75 -1263 -348 -1686 -771 -276 -278 -476 -613 -562 -945 -19 -73 -20 -75 -56 -84 -21 -4 -39 -6 -41 -4 -2 2 5 43 15 91 157 717 762 1321 1615 1614 398 136 891 196 1326 162z m-3304 -1849 c142 -22 267 -42 278 -45 20 -4 20 -8 11 -95 -7 -76 -12 -90 -25 -86 -9 2 -137 21 -286 42 -148 20 -274 40 -279 45 -13 11 15 179 30 179 7 0 129 -18 271 -40z m-166 -249 c4 -3 -14 -158 -39 -343 l-47 -338 -52 0 c-36 0 -53 4 -53 13 0 6 21 164 47 349 l47 337 46 -6 c25 -3 48 -8 51 -12z m92 -34 c-7 -45 -83 -625 -83 -636 0 -6 -9 -11 -20 -11 -12 0 -20 7 -20 18 0 20 78 594 86 633 7 34 43 30 37 -4z m124 5 c9 -5 3 -83 -22 -312 -19 -168 -35 -313 -35 -322 0 -15 -9 -18 -50 -18 -27 0 -50 3 -50 8 0 16 82 628 85 640 5 13 53 16 72 4z m179 -25 c0 -1 -15 -143 -34 -314 l-36 -313 -58 0 c-39 0 -58 4 -58 12 0 23 61 583 66 607 5 23 8 23 62 17 31 -4 57 -8 58 -9z m89 -34 c-3 -16 -16 -136 -30 -268 -35 -337 -33 -325 -56 -325 -14 0 -19 7 -19 28 1 38 67 590 69 572 1 -12 4 -12 12 3 15 26 29 20 24 -10z m-446 -712 c235 -120 420 -483 476 -936 17 -138 20 -439 5 -570 -55 -474 -244 -851 -486 -970 -53 -27 -69 -30 -159 -30 -90 0 -106 3 -160 30 -84 40 -205 165 -272 279 -104 176 -179 420 -209 676 -20 167 -14 515 10 660 81 471 283 808 536 891 14 5 63 7 110 5 73 -2 94 -7 149 -35z")
                ans.Poly.push(polygonSolver("0,0 179,28 989,240 1890,759 2559,1783 2655,2161 2681,2296 2692,2389 2033,2488 1813,2379 1800,2268 1800,2000 1460,1470 1069,1084 569,684 13,557 -300,457 -668,471 -968,471 -1339,525 -1519,555 -1581,541 -1589,512 -1616,441 -1634,380 -1557,289 -1017,40 0,0",x,y))
                
                //Part 2
                var x2 = x - 2310; var y2 = y -2438; 
                ans.Poly.push(polygonSolver("0,0 -33,20 -77,24 -53,352 -9,675 0,693 -271,707 -530,692 -423,677 -329,677 -335,634 -370,313 -411,27 -322,13 -176,-2 -38,-23 0,0",x2,y2))
                
                //Part 3
                var x3 = x - 2597; var y3 = y -2438; 
                ans.Poly.push(polygonSolver("0,0 50,344 124,722 -77,728 -294,714 -249,699 -204,691 -249,344 -290,2 -145,-8 0,0",x3,y3))
                
                //Part 4
                var x4 = x - 2797; var y4 = y -3198; 
                ans.Poly.push(polygonSolver("0,0 200,186 395,557 493,996 520,1570 200,2411 -100,2600 -571,2621 -956,2521 -1018,2487 -1538,1586 -1542,1008 -1378,389 -1106,26 -1033,-34 -545,-34 -57,-34 0,0",x4,y4))
                
                //Part 5
                var x5 = x - 2677; var y5 = y - 3738;
                ans.Line.push("M"+x5+" "+y5+" c-122 -55 -224 -239 -269 -484 -23 -125 -23 -398 1 -524 55 -302 195 -503 350 -502 208 1 376 348 376 775 0 98 -25 282 -50 375 -78 281 -249 432 -408 360z m173 -60 c87 -54 168 -212 208 -405 27 -134 30 -407 5 -541 -46 -245 -158 -428 -275 -450 -209 -39 -386 389 -345 834 38 424 222 677 407 562z")
                ans.Poly.push(polygonSolver("0,0 269,484 268,1008 230,1198 -82,1510 -300,1310 -458,735 -408,360 -320,160 -300,120 0,0",x5,y5))